r       159     133     10      10      0       0       1200s     100     1       2414
r       189     143     10      10      0       0       360s     100     1       2413
r       220     150     10      10      0       0       360s     100     1       2414
r       144     151     10      10      0       0       360s     100     1       2413
r       211     153     10      10      0       0       360s     100     1       2413
r       209     154     10      10      0       0       1200s     100     1       2413
r       172     160     10      10      0       0       540s     100     1       2413
r       181     162     10      10      0       0       840s     100     1       2413
r       218     164     10      10      0       0       1200s     100     1       2413
r       212     168     10      10      0       0       540s     100     1       2414
r       141     186     10      10      0       0       840s     100     1       2413
r       156     186     10      10      0       0       90s     100     1       2414
r       166     192     10      10      0       0       540s     100     1       2413
r       149     194     10      10      0       0       1200s     100     1       2414
r       220     201     10      10      0       0       90s     100     1       2413
r       170     160     10      10      0       0       30s     5000    1       8001
r       190     180     10      10      0       0       40s     5000    1       8001
r       170     160     10      10      0       0       50s     5000    1       8001
r       190     180     10      10      0       0       60s     5000    1       8001
m       159     133     10      10      0       0       540s     100     1       2412
m       189     143     10      10      0       0       540s     100     1       2414
m       220     150     10      10      0       0       540s     100     1       2412
m       211     153     10      10      0       0       540s     100     1       2412
m       172     160     10      10      0       0       360s     100     1       2412
m       218     164     10      10      0       0       360s     100     1       2412
m       212     168     10      10      0       0       90s     100     1       2414
m       141     186     10      10      0       0       90s     100     1       2412
m       166     192     10      10      0       0       90s     100     1       2412
m       149     194     10      10      0       0       90s     100     1       2414
m       220     201     10      10      0       0       90s     100     1       2412
m       170     160     10      10      0       0       90s     100     1       2412
m       170     160     10      10      0       0       90s     100     1       2412
m       190     180     10      10      0       0       90s     100     1       2414